0;10983;10983;10983
