0;15091.2;15091.2;15091.2
