0;11605;11605;11605
